$ANSIBLE_VAULT;1.1;AES256
31323837313231303230636263626633653237383963343764646436336334316136366437323238
3937376232363435396132353362666362656135613730330a356263663936656164383533633662
65363363653430326463383138303531326461376134366239346636613739613730396266623461
3735306465383764620a356531363933383032316132323738636436306639363931613030626263
36663961653735353963393530636266336264313864633734313932663739613239623964333162
33663061363333336662316530383136646636303563313433646235333738323439636536616665
35666232656664353731363236363437356536646631636138303734613262366461306530623438
34323636663936653063616366666437636338653465616439386465663864383162356436653437
34303430383234383465386462326463336666313964333238373863633538363464363263323637
39366339653230346139313163373863636462653239336633363339306265343465316230666139
66616639373665363261363037373565326132656261633036666331333335343438653432386162
65303230636431363330373431363130366533643839323139363762386531366239323134363461
33313139353633353431313130393864633161336439383263363733393537303534356637373865
37316136666164623934366133316261383434323266363830393439656139616261666365336561
32616434613332363164386465363231303736366334646266373932356434316239653266346133
30383565663165646333356338316465663964313562303561363462633531613862376162613962
37633263363934313530633038333830633039316666646665316630623039333162303837623261
30646562303864663562383265396236666137303063353533623532646232386236326666326563
39303463313631313466316136383935366338646363363337643133353737613861646339633866
35333033336237633663396166336239323263383436616165643732396232393663653465626363
32646339323938653663393966363534363362303366623565326131323964303735373964656531
62633933313839343832626366396638363762376166616263316630623262623932656365366565
35343230303763633738613762623433303363366433373937363963393362393261313937653139
39303565623365653134633437616664323937326430623462333131386131313535343234653930
39613239633438646663303137363564613262623830623435633032353065323466633939653465
35613938306632643666653736633866346261336165343339346261336163333032663262316631
35666235313234326562356336346138626436316331326636626539346131396533653836353135
35366562393834646465353865336133323861343035336366626535326334356238373839616632
64393633656265633864356630333130316161383664363266386338383936626339373334396237
64306261653461356633393134633036613330353762633030386433663365336264653237366130
66373061613362353266613938616365663335653165383738316663646666366632623466363931
33323532663530353134636430383135666230313963643565333138366131393038373663303237
61323561323736613732393861313562666563336164613137383762313336356330353632303437
38663865333065303462626431663066346138383839633730616263383231393037653665636631
35363234626539393966356134333235663965343036373933386331366133376433313835303966
34316163353336313938323639656563393232623533313134636333663262626565336536336632
32656134383631376135373431383436393931623834633331376465313062313638306239643263
64383632346262383834663138326234333037633836623139646662303536346338636662613762
37336566613234643964363463316438393434336465303931366439303838646338646463363631
34643839656239353338613966353365636433373338326634623838626238326338653033376264
34616530616638353164363962653638643337633739666230353638393766666638616237333364
30313535386562646333396564303533363562616334356237643932353261316664613232353439
37623562363161373663353161303332336664663135656339346433613934656435626162633039
33326438666638633833303635666564666637653937633931336535366265633436363736643735
61623163636331373833656164346337663034623666343038306636363461613764656437623861
63663334323836616635323338656639376232363538323565666436303263656163393230666133
61393366306464663833613763346536613933316561626461376333633635663531373533356339
34363766653065393862623037663065643739653465656164313131316565383036353765636536
64323063643238656566383736303034633536383236343634313833633365616535383464656533
38623765363436626563333663386331643337376238316632666638333934623535656539313132
65646132366436626330643237386665653763306531303133656138393339363463396530633163
37653338333238306130396332376561343433353964386432663734653331333366356635393561
63376430366662316566613863363038626166616463373838393033383561643363333962343035
38373764363837646132646234306462663637323239313761666637386131346266376536396339
39323766393539663061643462646539663162343865323838393531396334613038333430656161
65636234663834636137393763366163626361386666323338356535373261666136643735313030
38666536616364646266343135313562656335306166643332333539633162303565363431356465
61623337343164643736643566313665323166376633323735643333633832393936353338373734
31646538636466393934356662633565386465656339346432613838666130663935306236306637
31346434346130663766356533323230613261623235303062376635643537663163333037373962
37356531316565396163623130393264613066393533373436386661306535313130643666336636
35333036373834353537333435393438643762646331356337636665333538646230633866646632
33313230343262386433633464653032666239636532653764666662653634336337323262386432
32313061346265336538356636646664663730643465646631333831633065363565326330346137
62373330336432633634336561333433366166363138653336643831643438393536633165633866
66323966373466666363343765336335616335343235306339633161343634333164383532306363
36643137336631336430306136656366613434316434333830386265383664353935346438666638
34336466363938643264646264343134396234623166663361393261393531666637643861376238
30326261646232633836626531613939303536663534376535633264363337306334626263643531
64316665313836343336343736373862363136326363653565626333386364393634396365333338
37396639633831643436623539353937653465343233333834393134333861616139336266623264
33396263343936643264623663316339666635623061343064643766373363363038653266383630
34613561373435393632623030333232376134346236356265643561633464353862653139666432
63373134366135643663623236393363343939343337393132363666306638393738396633636335
65643065343636623632336130376364393031626662363532646531666130313632376263666237
35666639303834613039323232333639623364663837303166353334333434363630633237646235
65373832376632626263383538626438353832663231313238346236616232653035623535363830
37363037373836383265636130656364326231626131653238386637356331383066623163323131
37376330376463646332306565393763353339323032373639313939383137633539303936323361
31633666616230646665303539366537313237623734336538383739663335333834653531363431
66373564383666356633666464363338613862326366623232646366313263663539356664323036
39316364333033386339343235323831353136313164393135663433376634623566653030356265
39393766643435313766623531363235613166623663373236646664383864646139636265666465
32633139373233383132373161616134393433343935613539303530363763373230383361343437
33303736393434646363653537376662353362346331323663396166353235333134343439633831
65353238343830613339313765636338356137313866663633353339633339643636386135326164
31366263343333343530633831393836376430653963343265656563613937373739626133316237
36303266363635343763
